L1 = [ 16.  17. 132. 131.  18.  20. 129. 130.  19.  28.  27.  26.  25.  21.
  24.  22.  23.  13.  12.  11.  10.   9.   8.   7.   6.   4.   5.   3.
 276. 275. 274. 273. 272. 271. 270.  15.  14. 253. 252. 207. 205. 204.
 203. 202. 201. 199. 143. 145. 146. 141. 142. 144. 198. 200. 195. 194.
 193. 191. 190. 189. 188. 187. 186. 184. 183. 182. 181. 180. 175. 176.
 177. 150. 151. 155. 152. 154. 153. 128. 127. 126. 125. 124.  29.  30.
  31.  32.  33.  49.  48.  50.  51.  52.  53.  46.  47.  34.  35.  36.
  37.  38.  39.  40.  41.  42.  59.  60. 117. 116. 114. 115. 112. 113.
 110. 111.  87.  81.  80.  79.  78.  75.  74.  76.  77.  94.  95.  96.
  97.  92.  93.  98.  99. 100. 168. 169. 171. 170. 167. 166. 165. 164.
 163. 162. 161. 160. 174. 159. 158. 157. 156. 118. 119. 120. 121. 122.
 123.  58.  68.  67.  57.  45.  44.  54.  55.  56.  43.  61.  62.  63.
  64.  85.  84.  65.  66.  69.  70.  71.  72.  73.  82.  83.  86. 109.
 107. 108.  88.  89.  90.  91. 101. 102. 103. 104. 105. 172. 173. 106.
 149. 148. 138. 147. 140. 139. 265. 264. 263. 262. 261. 260. 259. 258.
 257. 256. 255. 254. 251. 208. 209. 206. 211. 212. 213. 214. 217. 216.
 215. 210. 235. 234. 233. 232. 231. 236. 237. 230. 245. 238. 239. 244.
 246. 243. 242. 240. 241.   1. 279.   0.   2. 278. 277. 248. 247. 249.
 250. 229. 228. 227. 226. 225. 224. 223. 222. 218. 221. 220. 219. 197.
 196. 192. 185. 179. 178. 133. 134. 268. 267. 266. 137. 136. 135. 269.
  16.]
  
 L2 = [ 16.  17. 132. 131.  18.  20. 129. 130.  19.  28.  27.  26.  25.  21.
  24.  22.  23.  13.  12.  11.  10.   9.   8.   7.   6.   4.   5.   3.
 276. 275. 274. 273. 272. 271. 270.  15.  14. 253. 252. 207. 205. 204.
 203. 202. 201. 199. 143. 145. 146. 141. 142. 144. 198. 200. 195. 194.
 193. 191. 190. 189. 188. 187. 186. 184. 183. 182. 181. 180. 175. 176.
 177. 150. 151. 155. 152. 154. 153. 128. 127. 126. 125. 124.  29.  30.
  31.  32.  33.  49.  48.  50.  51.  52.  53.  46.  47.  34.  35.  36.
  37.  38.  39.  40.  41.  42.  59.  60. 117. 116. 114. 115. 112. 113.
 110. 111.  87.  81.  80.  79.  78.  75.  74.  76.  77.  94.  95.  96.
  97.  92.  93.  98.  99. 100. 168. 169. 171. 170. 167. 166. 165. 164.
 163. 162. 161. 160. 174. 159. 158. 157. 156. 118. 119. 120. 121. 122.
 123.  58.  68.  67.  57.  45.  44.  54.  55.  56.  43.  61.  62.  63.
  64.  85.  84.  65.  66.  69.  70.  71.  72.  73.  82.  83.  86. 109.
 107. 108.  88.  89.  90.  91. 101. 102. 103. 104. 105. 172. 173. 106.
 149. 148. 138. 147. 140. 139. 265. 264. 263. 262. 261. 260. 259. 258.
 257. 256. 255. 254. 251. 208. 209. 206. 211. 212. 213. 214. 217. 216.
 215. 210. 235. 234. 233. 232. 231. 236. 237. 230. 245. 238. 239. 244.
 246. 243. 242. 240. 241.   1. 279.   0.   2. 278. 277. 248. 247. 249.
 250. 229. 228. 227. 226. 225. 224. 223. 222. 218. 221. 220. 219. 197.
 196. 192. 185. 179. 178. 133. 134. 268. 267. 266. 137. 136. 135. 269.
  16.]
  
 L3 = [ 16.  17. 132. 131.  18.  20. 129. 130.  19.  28.  27.  26.  25.  21.
  24.  22.  23.  13.  12.  11.  10.   9.   8.   7.   6.   4.   5.   3.
 276. 275. 274. 273. 272. 271. 270.  15.  14. 253. 252. 207. 205. 204.
 203. 202. 201. 199. 143. 145. 146. 141. 142. 144. 198. 200. 195. 194.
 193. 191. 190. 189. 188. 187. 186. 184. 183. 182. 181. 180. 175. 176.
 177. 150. 151. 155. 152. 154. 153. 128. 127. 126. 125. 124.  29.  30.
  31.  32.  33.  49.  48.  50.  51.  52.  53.  46.  47.  34.  35.  36.
  37.  38.  39.  40.  41.  42.  59.  60. 117. 116. 114. 115. 112. 113.
 110. 111.  87.  81.  80.  79.  78.  75.  74.  76.  77.  94.  95.  96.
  97.  92.  93.  98.  99. 100. 168. 169. 171. 170. 167. 166. 165. 164.
 163. 162. 161. 160. 174. 159. 158. 157. 156. 118. 119. 120. 121. 122.
 123.  58.  68.  67.  57.  45.  44.  54.  55.  56.  43.  61.  62.  63.
  64.  85.  84.  65.  66.  69.  70.  71.  72.  73.  82.  83.  86. 109.
 107. 108.  88.  89.  90.  91. 101. 102. 103. 104. 105. 172. 173. 106.
 149. 148. 138. 147. 140. 139. 265. 264. 263. 262. 261. 260. 259. 258.
 257. 256. 255. 254. 251. 208. 209. 206. 211. 212. 213. 214. 217. 216.
 215. 210. 235. 234. 233. 232. 231. 236. 237. 230. 245. 238. 239. 244.
 246. 243. 242. 240. 241.   1. 279.   0.   2. 278. 277. 248. 247. 249.
 250. 229. 228. 227. 226. 225. 224. 223. 222. 218. 221. 220. 219. 197.
 196. 192. 185. 179. 178. 133. 134. 268. 267. 266. 137. 136. 135. 269.
  16.]