L1 = [125. 126. 127.  20.  19.  18.  17.  16.  14. 269. 133. 134. 135. 136.
 137. 138. 139. 265. 266. 267. 268. 263. 264. 262. 261. 260. 259. 258.
 257. 256. 253. 252. 251. 254. 255. 248. 247.   0.   4.   5.   8.   6.
   7.   9.  10.  11.  12.  13.  23.  22.  24.  21.  25.  26.  32.  33.
  49.  50.  51.  52.  53.  54.  55.  56.  43.  44.  45.  46.  47.  48.
  37.  36.  35.  34.  38.  39.  40.  41.  42.  59.  60. 117.  61.  62.
  63.  64.  65.  66.  69.  70.  71.  72.  73.  77.  76.  75.  74.  68.
  67.  57.  58. 116. 112.  86.  87. 111. 108. 107. 109. 110. 113. 114.
 115.  85.  84.  83.  82.  81.  79.  78.  80.  88.  89.  90.  91.  96.
  95.  94.  93.  92.  97.  98.  99. 100. 168. 101. 102. 103. 104. 105.
 106. 173. 181. 182. 183. 184. 186. 185. 188. 187. 189. 190. 191. 193.
 194. 195. 196. 197. 198. 144. 143. 199. 200. 201. 202. 203. 204. 205.
 206. 207. 208. 209. 210. 211. 212. 213. 214. 215. 216. 217. 218. 219.
 220. 221. 222. 223. 224. 225. 226. 227. 228. 229. 250. 249. 246. 243.
 244. 245. 236. 235. 234. 233. 232. 231. 230. 237. 238. 239. 240. 242.
 241.   1. 279.   2. 278. 277.   3. 276. 275. 274. 273. 272. 271. 270.
  15. 132. 131. 130. 129. 128. 153. 154. 152. 155. 151. 150. 176. 175.
 180. 179. 178. 177. 149. 148. 146. 147. 140. 141. 142. 145. 192. 162.
 163. 164. 165. 166. 167. 169. 170. 171. 172. 161. 160. 174. 159. 158.
 157. 156. 118. 119. 120. 121. 122. 123. 124.  29.  30.  31.  27.  28.
 125.]
 
 L2 = [125. 126. 127.  20.  19.  18.  17.  16.  14. 269. 133. 134. 135. 136.
 137. 138. 139. 265. 266. 267. 268. 263. 264. 262. 261. 260. 259. 258.
 257. 256. 253. 252. 251. 254. 255. 248. 247.   0.   4.   5.   8.   6.
   7.   9.  10.  11.  12.  13.  23.  22.  24.  21.  25.  26.  32.  33.
  49.  50.  51.  52.  53.  54.  55.  56.  43.  44.  45.  46.  47.  48.
  37.  36.  35.  34.  38.  39.  40.  41.  42.  59.  60. 117.  61.  62.
  63.  64.  65.  66.  69.  70.  71.  72.  73.  77.  76.  75.  74.  68.
  67.  57.  58. 116. 112.  86.  87. 111. 108. 107. 109. 110. 113. 114.
 115.  85.  84.  83.  82.  81.  79.  78.  80.  88.  89.  90.  91.  96.
  95.  94.  93.  92.  97.  98.  99. 100. 168. 101. 102. 103. 104. 105.
 106. 173. 181. 182. 183. 184. 186. 185. 188. 187. 189. 190. 191. 193.
 194. 195. 196. 197. 198. 144. 143. 199. 200. 201. 202. 203. 204. 205.
 206. 207. 208. 209. 210. 211. 212. 213. 214. 215. 216. 217. 218. 219.
 220. 221. 222. 223. 224. 225. 226. 227. 228. 229. 250. 249. 246. 243.
 244. 245. 236. 235. 234. 233. 232. 231. 230. 237. 238. 239. 240. 242.
 241.   1. 279.   2. 278. 277.   3. 276. 275. 274. 273. 272. 271. 270.
  15. 132. 131. 130. 129. 128. 153. 154. 152. 155. 151. 150. 176. 175.
 180. 179. 178. 177. 149. 148. 146. 147. 140. 141. 142. 145. 192. 162.
 163. 164. 165. 166. 167. 169. 170. 171. 172. 161. 160. 174. 159. 158.
 157. 156. 118. 119. 120. 121. 122. 123. 124.  29.  30.  31.  27.  28.
 125.]
 
 L3 = [125. 126. 127.  20.  19.  18.  17.  16.  14. 269. 133. 134. 135. 136.
 137. 138. 139. 265. 266. 267. 268. 263. 264. 262. 261. 260. 259. 258.
 257. 256. 253. 252. 251. 254. 255. 248. 247.   0.   4.   5.   8.   6.
   7.   9.  10.  11.  12.  13.  23.  22.  24.  21.  25.  26.  32.  33.
  49.  50.  51.  52.  53.  54.  55.  56.  43.  44.  45.  46.  47.  48.
  37.  36.  35.  34.  38.  39.  40.  41.  42.  59.  60. 117.  61.  62.
  63.  64.  65.  66.  69.  70.  71.  72.  73.  77.  76.  75.  74.  68.
  67.  57.  58. 116. 112.  86.  87. 111. 108. 107. 109. 110. 113. 114.
 115.  85.  84.  83.  82.  81.  79.  78.  80.  88.  89.  90.  91.  96.
  95.  94.  93.  92.  97.  98.  99. 100. 168. 101. 102. 103. 104. 105.
 106. 173. 181. 182. 183. 184. 186. 185. 188. 187. 189. 190. 191. 193.
 194. 195. 196. 197. 198. 144. 143. 199. 200. 201. 202. 203. 204. 205.
 206. 207. 208. 209. 210. 211. 212. 213. 214. 215. 216. 217. 218. 219.
 220. 221. 222. 223. 224. 225. 226. 227. 228. 229. 250. 249. 246. 243.
 244. 245. 236. 235. 234. 233. 232. 231. 230. 237. 238. 239. 240. 242.
 241.   1. 279.   2. 278. 277.   3. 276. 275. 274. 273. 272. 271. 270.
  15. 132. 131. 130. 129. 128. 153. 154. 152. 155. 151. 150. 176. 175.
 180. 179. 178. 177. 149. 148. 146. 147. 140. 141. 142. 145. 192. 162.
 163. 164. 165. 166. 167. 169. 170. 171. 172. 161. 160. 174. 159. 158.
 157. 156. 118. 119. 120. 121. 122. 123. 124.  29.  30.  31.  27.  28.
 125.]