L1= [ 15. 127. 104. 111. 116.  38.  70. 129.  49.   1. 117.  79.  45.  19.
  92.  21.  36.  46.  39.  22. 121.  54.  59.  50.  41.  43.   3.  34.
  53.  30.  16.  33.  99.  18.  26.  28.  14.  23. 115.  94.  78.  11.
  86.  80. 102.  76.  93.  88. 109.  97.  24.  47.  67.  62.  69.  25.
  96.   6.  85.  68.  63.  87. 123. 128.  60. 108.  75.  44.   4.  10.
  61. 114.  27.  65.  84. 124.  89.  58.  29.  82.   2. 113. 107.   7.
  17.  20.  32. 125. 120.  77.  12.  66.  95.  13.   9. 101.   5.  90.
  71. 119.  52.  48.  57. 105.  37.  91.  72.  98.  73.  74.  51.   8.
  56.  55.  64.  81. 100. 122. 110. 118.  35.  83.  31. 112.  42. 103.
 106. 126.   0.  40.  15.]
 
 L2 = [ 15. 127. 104. 111. 116.  38.  70. 129.  49.   1. 117.  79.  45.  19.
  92.  21.  36.  46.  39.  22. 121.  54.  59.  50.  41.  43.   3.  34.
  53.  30.  16.  33.  99.  18.  26.  28.  14.  23. 115.  94.  78.  11.
  86.  80. 102.  76.  93.  88. 109.  97.  24.  47.  67.  62.  69.  25.
  96.   6.  85.  68.  63.  87. 123. 128.  60. 108.  75.  44.   4.  10.
  61. 114.  27.  65.  84. 124.  89.  58.  29.  82.   2. 113. 107.   7.
  17.  20.  32. 125. 120.  77.  12.  66.  95.  13.   9. 101.   5.  90.
  71. 119.  52.  48.  57. 105.  37.  91.  72.  98.  73.  74.  51.   8.
  56.  55.  64.  81. 100. 122. 110. 118.  35.  83.  31. 112.  42. 103.
 106. 126.   0.  40.  15.]
 
 L3 = [ 15. 127. 104. 111. 116.  38.  70. 129.  49.   1. 117.  79.  45.  19.
  92.  21.  36.  46.  39.  22. 121.  54.  59.  50.  41.  43.   3.  34.
  53.  30.  16.  33.  99.  18.  26.  28.  14.  23. 115.  94.  78.  11.
  86.  80. 102.  76.  93.  88. 109.  97.  24.  47.  67.  62.  69.  25.
  96.   6.  85.  68.  63.  87. 123. 128.  60. 108.  75.  44.   4.  10.
  61. 114.  27.  65.  84. 124.  89.  58.  29.  82.   2. 113. 107.   7.
  17.  20.  32. 125. 120.  77.  12.  66.  95.  13.   9. 101.   5.  90.
  71. 119.  52.  48.  57. 105.  37.  91.  72.  98.  73.  74.  51.   8.
  56.  55.  64.  81. 100. 122. 110. 118.  35.  83.  31. 112.  42. 103.
 106. 126.   0.  40.  15.]
