L1 = [156. 118. 119. 120. 121. 122. 123. 124.  29.  30.  31.  32.  33.  35.
  36.  37.  38.  34.  39.  40.  41.  42.  59.  60. 117. 116. 115.  85.
  84.  64.  63.  62.  61.  57.  58.  43.  56.  55.  44.  45.  54.  53.
  52.  51.  50.  49.  48.  47.  46.  67.  68.  65.  66.  69.  70.  71.
  72.  73.  74.  75.  78.  79.  80.  81.  88. 108. 102. 103. 104. 105.
 172. 173. 160. 161. 162. 163. 164. 165. 166. 167. 170. 171. 169. 168.
 101.  99. 100.  98.  97.  96.  95.  94.  93.  92.  91.  90.  89.  86.
 112. 113. 110. 111.  87.  82.  83.  77.  76. 106. 107. 109. 149. 148.
 138. 137. 265. 139. 264. 263. 262. 261. 260. 259. 258. 257. 256. 255.
 254. 251. 252. 207. 205. 206. 211. 212. 213. 214. 215. 216. 217. 218.
 219. 220. 221. 222. 223. 224. 225. 226. 227. 228. 231. 230. 245. 238.
 239. 240. 241. 242. 243. 246. 249. 250. 229.   2. 278. 277. 234. 233.
 232. 235. 236. 237. 244. 247. 248. 253. 208. 209. 210. 204. 203. 202.
 201. 200. 195. 194. 193. 196. 197. 198. 144. 143. 199. 192. 191. 190.
 189. 188. 187. 186. 185. 182. 183. 184. 181. 180. 179. 178. 175. 176.
 150. 177. 151. 155. 152. 154. 153. 128. 127. 126. 125.  28.  27.  26.
  25.  21.  24.  22.  23.  13.  12.  11.  10.   9.   7.   8.   6.   5.
   4.   0.   1. 279.   3. 276. 275. 274. 273. 272. 271. 270.  15.  16.
  17.  18. 131.  20.  19. 130. 129. 132. 133. 134. 267. 135. 136. 266.
 268. 269.  14. 142. 141. 140. 147. 146. 145. 159. 158. 157. 174. 114.
 156.]
 
 L2 = [156. 118. 119. 120. 121. 122. 123. 124.  29.  30.  31.  32.  33.  35.
  36.  37.  38.  34.  39.  40.  41.  42.  59.  60. 117. 116. 115.  85.
  84.  64.  63.  62.  61.  57.  58.  43.  56.  55.  44.  45.  54.  53.
  52.  51.  50.  49.  48.  47.  46.  67.  68.  65.  66.  69.  70.  71.
  72.  73.  74.  75.  78.  79.  80.  81.  88. 108. 102. 103. 104. 105.
 172. 173. 160. 161. 162. 163. 164. 165. 166. 167. 170. 171. 169. 168.
 101.  99. 100.  98.  97.  96.  95.  94.  93.  92.  91.  90.  89.  86.
 112. 113. 110. 111.  87.  82.  83.  77.  76. 106. 107. 109. 149. 148.
 138. 137. 265. 139. 264. 263. 262. 261. 260. 259. 258. 257. 256. 255.
 254. 251. 252. 207. 205. 206. 211. 212. 213. 214. 215. 216. 217. 218.
 219. 220. 221. 222. 223. 224. 225. 226. 227. 228. 231. 230. 245. 238.
 239. 240. 241. 242. 243. 246. 249. 250. 229.   2. 278. 277. 234. 233.
 232. 235. 236. 237. 244. 247. 248. 253. 208. 209. 210. 204. 203. 202.
 201. 200. 195. 194. 193. 196. 197. 198. 144. 143. 199. 192. 191. 190.
 189. 188. 187. 186. 185. 182. 183. 184. 181. 180. 179. 178. 175. 176.
 150. 177. 151. 155. 152. 154. 153. 128. 127. 126. 125.  28.  27.  26.
  25.  21.  24.  22.  23.  13.  12.  11.  10.   9.   7.   8.   6.   5.
   4.   0.   1. 279.   3. 276. 275. 274. 273. 272. 271. 270.  15.  16.
  17.  18. 131.  20.  19. 130. 129. 132. 133. 134. 267. 135. 136. 266.
 268. 269.  14. 142. 141. 140. 147. 146. 145. 159. 158. 157. 174. 114.
 156.]
 
 L3 = [156. 118. 119. 120. 121. 122. 123. 124.  29.  30.  31.  32.  33.  35.
  36.  37.  38.  34.  39.  40.  41.  42.  59.  60. 117. 116. 115.  85.
  84.  64.  63.  62.  61.  57.  58.  43.  56.  55.  44.  45.  54.  53.
  52.  51.  50.  49.  48.  47.  46.  67.  68.  65.  66.  69.  70.  71.
  72.  73.  74.  75.  78.  79.  80.  81.  88. 108. 102. 103. 104. 105.
 172. 173. 160. 161. 162. 163. 164. 165. 166. 167. 170. 171. 169. 168.
 101.  99. 100.  98.  97.  96.  95.  94.  93.  92.  91.  90.  89.  86.
 112. 113. 110. 111.  87.  82.  83.  77.  76. 106. 107. 109. 149. 148.
 138. 137. 265. 139. 264. 263. 262. 261. 260. 259. 258. 257. 256. 255.
 254. 251. 252. 207. 205. 206. 211. 212. 213. 214. 215. 216. 217. 218.
 219. 220. 221. 222. 223. 224. 225. 226. 227. 228. 231. 230. 245. 238.
 239. 240. 241. 242. 243. 246. 249. 250. 229.   2. 278. 277. 234. 233.
 232. 235. 236. 237. 244. 247. 248. 253. 208. 209. 210. 204. 203. 202.
 201. 200. 195. 194. 193. 196. 197. 198. 144. 143. 199. 192. 191. 190.
 189. 188. 187. 186. 185. 182. 183. 184. 181. 180. 179. 178. 175. 176.
 150. 177. 151. 155. 152. 154. 153. 128. 127. 126. 125.  28.  27.  26.
  25.  21.  24.  22.  23.  13.  12.  11.  10.   9.   7.   8.   6.   5.
   4.   0.   1. 279.   3. 276. 275. 274. 273. 272. 271. 270.  15.  16.
  17.  18. 131.  20.  19. 130. 129. 132. 133. 134. 267. 135. 136. 266.
 268. 269.  14. 142. 141. 140. 147. 146. 145. 159. 158. 157. 174. 114.
 156.]