L1 = [113.   2.  82.  29.  58. 120.  77.  89. 124.  84.  65.  27. 114. 116.
 111. 104.  61. 127.  15.  44.   4.  10.  75. 108.  60. 128. 123.  63.
  68.  87.  85.   6.  25.  96.  69.  62.  67.  47.  24. 112.  31.  83.
  35. 118. 110. 122. 100.  81.  56.   8.  55.  64. 102.  76.  86.  11.
  80.  78.  94. 115.  99.  26.  18.  14.  23.  28.  93.  88. 109.  97.
  42. 103. 106. 126.  16.  30.  33.   0.  40.  70.  38. 129.  49.   1.
  19.  45.  79. 117.  53.  34.   3.  95.  66.  12.   9.  13.   5. 101.
  90.  71.  73.  74.  51.  98.  72.  91.  37. 105.  57.  48.  52. 119.
  59.  50.  41.  43.  54. 121.  22.  46.  39.  21.  36.  92.  32.  20.
  17. 107.   7. 125. 113.]
 
 L2 = [113.   2.  82.  29.  58. 120.  77.  89. 124.  84.  65.  27. 114. 116.
 111. 104.  61. 127.  15.  44.   4.  10.  75. 108.  60. 128. 123.  63.
  68.  87.  85.   6.  25.  96.  69.  62.  67.  47.  24. 112.  31.  83.
  35. 118. 110. 122. 100.  81.  56.   8.  55.  64. 102.  76.  86.  11.
  80.  78.  94. 115.  99.  26.  18.  14.  23.  28.  93.  88. 109.  97.
  42. 103. 106. 126.  16.  30.  33.   0.  40.  70.  38. 129.  49.   1.
  19.  45.  79. 117.  53.  34.   3.  95.  66.  12.   9.  13.   5. 101.
  90.  71.  73.  74.  51.  98.  72.  91.  37. 105.  57.  48.  52. 119.
  59.  50.  41.  43.  54. 121.  22.  46.  39.  21.  36.  92.  32.  20.
  17. 107.   7. 125. 113.]
  
  L3 = [113.   2.  82.  29.  58. 120.  77.  89. 124.  84.  65.  27. 114. 116.
 111. 104.  61. 127.  15.  44.   4.  10.  75. 108.  60. 128. 123.  63.
  68.  87.  85.   6.  25.  96.  69.  62.  67.  47.  24. 112.  31.  83.
  35. 118. 110. 122. 100.  81.  56.   8.  55.  64. 102.  76.  86.  11.
  80.  78.  94. 115.  99.  26.  18.  14.  23.  28.  93.  88. 109.  97.
  42. 103. 106. 126.  16.  30.  33.   0.  40.  70.  38. 129.  49.   1.
  19.  45.  79. 117.  53.  34.   3.  95.  66.  12.   9.  13.   5. 101.
  90.  71.  73.  74.  51.  98.  72.  91.  37. 105.  57.  48.  52. 119.
  59.  50.  41.  43.  54. 121.  22.  46.  39.  21.  36.  92.  32.  20.
  17. 107.   7. 125. 113.]