L1 = [113.   2.  82.  29.  58. 120.  77.  89. 124.  84.  65.  27. 114.  61.
 104. 111. 116.  38.  70.  40.   0. 129.  49.   1. 117.  79.  45.  19.
  34.  53.  16.  30.  33.  26.  18.  99. 115.  23.  94.  78.  11.  86.
  80. 102.  76.  93.  88. 109.  97.  67.  62.  47.  24.  31. 112.  35.
  83. 118. 110. 122. 100.  81.  64.  55.  56.   8.  51.  74.  73.  72.
  98.  90.  71. 119.  52.  48.  57. 105.   3.  92.  43.  41.  50.  59.
  54. 121.  22.  39.  46.  36.  21.  32.  20.  17. 107.   7. 125.  12.
  95.  66.  13.   9. 101.   5.  91.  37.  28.  14.  42. 103. 106. 126.
  69.  96.  25.   6.  87.  68.  63.  85. 123. 128.  60. 108.  75.  10.
   4.  44.  15. 127. 113.]
  
  L2 = [113.   2.  82.  29.  58. 120.  77.  89. 124.  84.  65.  27. 114.  61.
 104. 111. 116.  38.  70.  40.   0. 129.  49.   1. 117.  79.  45.  19.
  34.  53.  16.  30.  33.  26.  18.  99. 115.  23.  94.  78.  11.  86.
  80. 102.  76.  93.  88. 109.  97.  67.  62.  47.  24.  31. 112.  35.
  83. 118. 110. 122. 100.  81.  64.  55.  56.   8.  51.  74.  73.  72.
  98.  90.  71. 119.  52.  48.  57. 105.   3.  92.  43.  41.  50.  59.
  54. 121.  22.  39.  46.  36.  21.  32.  20.  17. 107.   7. 125.  12.
  95.  66.  13.   9. 101.   5.  91.  37.  28.  14.  42. 103. 106. 126.
  69.  96.  25.   6.  87.  68.  63.  85. 123. 128.  60. 108.  75.  10.
   4.  44.  15. 127. 113.]
  
  L3 = [113.   2.  82.  29.  58. 120.  77.  89. 124.  84.  65.  27. 114.  61.
 104. 111. 116.  38.  70.  40.   0. 129.  49.   1. 117.  79.  45.  19.
  34.  53.  16.  30.  33.  26.  18.  99. 115.  23.  94.  78.  11.  86.
  80. 102.  76.  93.  88. 109.  97.  67.  62.  47.  24.  31. 112.  35.
  83. 118. 110. 122. 100.  81.  64.  55.  56.   8.  51.  74.  73.  72.
  98.  90.  71. 119.  52.  48.  57. 105.   3.  92.  43.  41.  50.  59.
  54. 121.  22.  39.  46.  36.  21.  32.  20.  17. 107.   7. 125.  12.
  95.  66.  13.   9. 101.   5.  91.  37.  28.  14.  42. 103. 106. 126.
  69.  96.  25.   6.  87.  68.  63.  85. 123. 128.  60. 108.  75.  10.
   4.  44.  15. 127. 113.]